
00111001
11010111
01100110
00011011
11000001
11111110
00101010
01001001
10000001
01110001
10000111
10100100
00000010
01010000
01101010
11011010
10111010
01001010
01101000
10101100
00111001
11111111
01001100
10100011
11000010
10110110
11000110
01100100
10000001
01100010
01101010
10110110
00001111
10111011
10000011
01101100
01011101
10100000
10001111
00000110
10001001
01111010
00111101
00101101
00110010
01111100
01111001
01001010
01010100
00010001
00010110
01110101
00001111
00100111
01111101
01000000
10100100
01000001
10011110
11000001
00100001
01010011
00111010
00101000
11011010
10100111
11101110
01000100
00101110
00001110
11011111
00001001
01110011
11000111
00011011
00111000
00011001
10111011
01010011
01110011
00110100
00110010
00011110
01111101
00111111
11011101
10110101
01001001
00001100
01100110
01101000
10010010
11100001
00000011
11000011
10100110
11000001
00101010
11110101
01101110